111111111111111111111111111111111111111111111111111111111111111111111111111111111111111111111111111
110000001010100110010100100000001010100010111010111000000101011010111111101101010110000101101000111
101100000000000100000000010100000000000000000101001000000010000010011010000000000110000000010000101
100011110000000000000000000000000000000000010001100000000000000000000000000000000010000000010000011
100001000000000000000000000000000000100000000000000000000000000000000000000000000000000000000000001
111000010000000000000000000000000000000000000000000000000000000000000000000000000000000000000000001
100000000000000000000000000000000000000000000000000000000000000000000000000000000000000000000000111
110000000000000000000000000000000000000000000000000000000000000000000000000000000000000000000000011
110000000000000000000000000000000000000000000000000000000000000000000000000000000000000000000000011
110000000000000000000000000000000000000000000000000000000000000000000000000000000000000000000000001
100000000000000000000000000000000000000000000000000000000000000000000000000000000000000000000000011
101000000000000000000000000000000000000000000000000000000000000000000000000000000000000000000001011
100000000000000000000000000000000000000000000000000000000000000000000000000000000000000000000000001
100000000000000000000000000000000000000000000000000000000000000000000000000000000000000000000001001
110000000000000000000000000000000000000000000000000000000000000000000000000000000000000000000000011
100000000000000000000000000000000000000000000000000000000000000000000000000000000000000000000000001
111000000000000000000000000000000000000000000000000000000000000000000000000000000000000000000000001
110000000000000000000000000000000000000000000000000000000000000000000000000000000000000000000000111
100000000000000000000000000000000000000000000000000000000000000000000000000000000000000000000000011
100000000000000000000000000000000000000000000000000000000000000000000000000000000000000000000000011
110000000000000000000000000000000000000000000000000000000000000000000000000000000000000000000000011
100100000000000000000000000000000000000000000000000000000000000000000000000000000000000000000000011
100000000000000000000000000000000000000000000000000000000000000000000000000000000000000000000000001
110000000000000000000000000000000000000000000000000000000000000000000000000000000000000000000000001
100000000000000000000000000000000000000000000000000000000000000000000000000000000000000000000000001
111000000000000000000000000000000000000000000000000000000000000000000000000000000000000000000000001
110000000000000000000000000000000000000000000000000000000000000000000000000000000000000000000000001
100000000000000000000000000000000000000000000000000000000000000000000000000000000000000000000000111
110000000000000000000000000000000000000000000000000000000000000000000000000000000000000000000000101
100000000000000000000000000000000000000000000000000000000000000000000000000000000000000000000000111
100000000000000000000000000000000000000000000000000000000000000000000000000000000000000000000000011
100000000000000000000000000000000000000000000000000000000000000000000000000000000000000000000000001
100000000000000000000000000000000000000000000000000000000000000000000000000000000000000000000000101
100000000000000000000000000000000000000000000000000000000000000000000000000000000000000000000000011
111000000000000000000000000000000000000000000000000000000000000000000000000000000000000000000000001
100000000000000000000000000000000000000000000000000000000000000000000000000000000000000000000000001
100000000000000000000000000000000000000000000000000000000000000000000000000000000000000000000000001
100000000000000000000000000000000000000000000000000000000000000000000000000000000000000000000000001
111000000000000000000000000000000000000000000000000000000000000000000000000000000000000000000000001
100000000000000000000000000000000000000000000000000000000000000000000000000000000000000000000000011
110100000000000000000000000000000000000000000000000000000000000000000000000000000000000000000000001
110000000000000000000000000000000000000000000000000000000000000000000000000000000000000000000000001
111000000000000000000000000000000000000000000000000000000000000000000000000000000000000000000000001
101000000000000000000000000000000000000000000000000000000000000000000000000000000000000000000000001
100000000000000000000000000000000000000000000000000000000000000000000000000000000000000000000000011
110100000000000000000000000000000000000000000000000000000000000000000000000000000000000000000000001
100000000000000000000000000000000000000000000000000000000000000000000000000000000000000000000000111
100000000000000000000000000000000000000000000000000000000000000000000000000000000000000000000000001
110000000000000000000000000000000000000000000000000000000000000000000000000000000000000000000000011
100000000000000000000000000000000000000000000000000000000000000000000000000000000000000000000000101
100000000000000000000000000000000000000000000000000000000000000000000000000000000000000000000000001
100000000000000000000000000000000000000000000000000000000000000000000000000000000000000000000000011
100000000000000000000000000000000000000000000000000000000000000000000000000000000000000000000000001
110000000000000000000000000000000000000000000000000000000000000000000000000000000000000000000001101
110000000000000000000000000000000000000000000000000000000000000000000000000000000000000000000000001
101000000000000000000000000000000000000000000000000000000000000000000000000000000000000000000000001
110000000000000000000000000000000000000000000000000000000000000000000000000000000000000000000000001
111010000000000000000000000000000000000000000000000000000000000000000000000000000000000000000000001
111100000000000000000000000000000000000000000000000000000000000000000000000000000000000000000000001
110000000000000000000000000000000000000000000000000000000000000000000000000000000000000000000000011
100000000000000000000000000000000000000000000000000000000000000000000000000000000000000000000001101
110000000000000000000000000000000000000000000000000000000000000000000000000000000000000000000010001
110000000000000000000000000000000000000000000000000000000000000000000000000000000000000000000000001
100000000000000000000000000000000000000000000000000000000000000000000000000000000000000000000000111
100000000000000000000000000000000000000000000000000000000000000000000000000000000000000000000000011
110000000000000000000000000000000000000000000000000000000000000000000000000000000000000000000001101
100000000000000000000000000000000000000000000000000000000000000000000000000000000000000000000000001
100000000000000000000000000000000000000000000000000000000000000000000000000000000000000000000010011
111000000000000000000000000000000000000000000000000000000000000000000000000000000000000000000000011
110000000000000000000000000000000000000000000000000000000000000000000000000000000000000000000000001
100000000000000000000000000000000000000000000000000000000000000000000000000000000000000000000000011
100000000000000000000000000000000000000000000000000000000000000000000000000000000000000000000000001
101000000000000000000000000000000000000000000000000000000000000000000000000000000000000000000000011
110000000000000000000000000000000000000000000000000000000000000000000000000000000000000000000000011
100000000000000000000000000000000000000000000000000000000000000000000000000000000000000000000000001
100000000000000000000000000000000000000000000000000000000000000000000000000000000000000000000000011
111000000000000000000000000000000000000000000000000000000000000000000000000000000000000000000000101
100000000000000000000000000000000000000000000000000000000000000000000000000000000000000000000000001
100000000000000000000000000000000000000000000000000000000000000000000000000000000000000000000000001
110000000000000000000000000000000000000000000000000000000000000000000000000000000000000000000001001
100100000000000000000000000000000000000000000000000000000000000000000000000000000000000000000000001
111000000000000000000000000000000000000000000000000000000000000000000000000000000000000000000000001
111000000000000000000000000000000000000000000000000000000000000000000000000000000000000000000000001
110000000000000000000000000000000000000000000000000000000000000000000000000000000000000000000000011
100000000000000000000000000000000000000000000000000000000000000000000000000000000000000000000000011
100000000000000000000000000000000000000000000000000000000000000000000000000000000000000000000000011
100000000000000000000000000000000000000000000000000000000000000000000000000000000000000000000001011
100000000000000000000000000000000000000000000000000000000000000000000000000000000000000000000000001
100000000000000000000000000000000000000000000000000000000000000000000000000000000000000000000000001
100000000000000000000000000000000000000000000000000000000000000000000000000000000000000000000000001
100000000000000000000000000000000000000000000000000000000000000000000000000000000000000000000000001
110000000000000000000000000000000000000000000000000000000000000000000000000000000000000000000000001
100000000000000000000000000000000000000000000000000000000000000000000000000000000000000000000000001
100101000000000000000000000000000000000000000000000000000000000000000000000000000000000000000000011
111101000000000010000000000000000010000000000000000000000000000000000000010000000000000000000000011
110000010000100000000000000000000000000000000000000000000000000000000000000000000000100001000010011
100000100000000010000000000000100000000001000000100001001010000010000000110000000001000001100011001
110001111011100000000110001110101010011100100110100010001110010011111100011000101000110110010010101
111111111111111111111111111111111111111111111111111111111111111111111111111111111111111111111111111
